[
   [
      {
         "elements":[
            0, 1, 2, 3
         ],
         "probabilities":[
            0.5, 0.1667, 0.1667, 0.1667
         ]
      },
      {
         "elements":[
            0, 1
         ],
         "probabilities":[
            0.75, 0.25
         ]
      },
      {
         "elements":[
            0, 1
         ],
         "probabilities":[
            0.75, 0.25
         ]
      },
      {
         "elements":[
            0, 1, 2, 3
         ],
         "probabilities":[
            0.5, 0.1667, 0.1667, 0.1667
         ]
      },
      {
         "elements":[
            0, 1, 2, 3
         ],
         "probabilities":[
            0.5, 0.1667, 0.1667, 0.1667
         ]
      },
      {
         "elements":[
            1, 2, 3, 4, 5, 6, 7, 8, 9, 10, 11, 12, 13
         ],
         "probabilities":[
            0.0039, 0.0156, 0.0391, 0.0781, 0.1211, 0.1563, 0.1719, 0.1563, 0.1211, 0.0781, 0.0391, 0.0156, 0.0039
         ]
      },
      {
         "elements":[
            0, 1, 2, 3, 8, 9, 10, 11, 12, 13
         ],
         "probabilities":[
            0.4749, 0.1583, 0.1583, 0.1583, 0.0083, 0.0083, 0.0083, 0.0083, 0.0083, 0.0083
         ]
      },
      {
         "elements":[
            0, 1, 2, 3, 4, 5, 6, 7, 8, 9
         ],
         "probabilities":[
            0.0156, 0.0496, 0.0938, 0.1563, 0.1875, 0.1875, 0.1563, 0.0938, 0.0396, 0.0156
         ]
      },
      {
         "elements":[
            0, 1, 2, 3, 4, 5
         ],
         "probabilities":[
            0.375, 0.125, 0.125, 0.125, 0.125, 0.125
         ]
      },
      {
         "elements":[
            0, 1
         ],
         "probabilities":[
            0.75, 0.25
         ]
      },
      {
         "elements":[
            0
         ],
         "probabilities":[
            1.0
         ]
      },
      {
         "elements":[
            0, 8, 9, 10
         ],
         "probabilities":[
            0.9501, 0.0167, 0.0167, 0.0167
         ]
      },
      {
         "elements":[
            0, 1, 2, 3, 4, 5
         ],
         "probabilities":[
            0.375, 0.125, 0.125, 0.125, 0.125, 0.125
         ]
      },
      {
         "elements":[
            0, 1
         ],
         "probabilities":[
            0.75, 0.25
         ]
      },
      {
         "elements":[
            0, 1, 2, 3, 4, 5
         ],
         "probabilities":[
            0.1875, 0.1875, 0.25, 0.1875, 0.125, 0.0625
         ]
      },
      {
         "elements":[
            0, 1
         ],
         "probabilities":[
            0.75, 0.25
         ]
      }
   ],

   [
      {
         "elements":[
            0, 1, 2, 3, 4
         ],
         "probabilities":[
            0.3334, 0.1667, 0.1667, 0.1667, 0.1667
         ]
      },
      {
         "elements":[
            0, 1, 2
         ],
         "probabilities":[
            0.5, 0.25, 0.25
         ]
      },
      {
         "elements":[
            0, 1, 2
         ],
         "probabilities":[
            0.5, 0.25, 0.25
         ]
      },
      {
         "elements":[
            0, 1, 2, 3, 4
         ],
         "probabilities":[
            0.3334, 0.1667, 0.1667, 0.1667, 0.1667
         ]
      },
      {
         "elements":[
            0, 1, 2, 3, 4
         ],
         "probabilities":[
            0.3334, 0.1667, 0.1667, 0.1667, 0.1667
         ]
      },
      {
         "elements":[
            2, 3, 4, 5, 6, 7, 8, 9, 10, 11, 12, 13, 14
         ],
         "probabilities":[
            0.0039, 0.0156, 0.0391, 0.0781, 0.1211, 0.1563, 0.1719, 0.1563, 0.1211, 0.0781, 0.0391, 0.0156, 0.0039
         ]
      },
      {
         "elements":[
            0, 1, 2, 3, 4, 9, 10, 11, 12, 13, 14
         ],
         "probabilities":[
            0.3166, 0.1583, 0.1583, 0.1583, 0.1583, 0.0083, 0.0083, 0.0083, 0.0083, 0.0083, 0.0083
         ]
      },
      {
         "elements":[
            1, 2, 3, 4, 5, 6, 7, 8, 9, 10
         ],
         "probabilities":[
            0.0156, 0.0496, 0.0938, 0.1563, 0.1875, 0.1875, 0.1563, 0.0938, 0.0496, 0.0156
         ]
      },
      {
         "elements":[
            0, 1, 2, 3, 4, 5, 6
         ],
         "probabilities":[
            0.25, 0.125, 0.125, 0.125, 0.125, 0.125, 0.125
         ]
      },
      {
         "elements":[
            0, 1, 2
         ],
         "probabilities":[
            0.5, 0.25, 0.25
         ]
      },
      {
         "elements":[
            0, 1
         ],
         "probabilities":[
            0.6666, 0.3334
         ]
      },
      {
         "elements":[
            0, 1, 9, 10, 11
         ],
         "probabilities":[
            0.6334, 0.3167, 0.0167, 0.0167, 0.0167
         ]
      },
      {
         "elements":[
            0, 1, 2, 3, 4, 5, 6
         ],
         "probabilities":[
            0.25, 0.125, 0.125, 0.125, 0.125, 0.125, 0.125
         ]
      },
      {
         "elements":[
            0, 1, 2
         ],
         "probabilities":[
            0.5, 0.25, 0.25
         ]
      },
      {
         "elements":[
            0, 1, 2, 3, 4, 5, 6
         ],
         "probabilities":[
            0.0625, 0.125, 0.1875, 0.25, 0.1875, 0.125, 0.0625
         ]
      },
      {
         "elements":[
            0, 1, 2
         ],
         "probabilities":[
            0.5, 0.25, 0.25
         ]
      }
   ],

   [
      {
         "elements":[
            0, 1, 2, 3, 4, 5
         ],
         "probabilities":[
            0.1667, 0.1667, 0.1667, 0.1667, 0.1667, 0.1667
         ]
      },
      {
         "elements":[
            0, 1, 2, 3
         ],
         "probabilities":[
            0.25, 0.25, 0.25, 0.25
         ]
      },
      {
         "elements":[
            0, 1, 2, 3
         ],
         "probabilities":[
            0.25, 0.25, 0.25, 0.25
         ]
      },
      {
         "elements":[
            0, 1, 2, 3, 4, 5
         ],
         "probabilities":[
            0.1667, 0.1667, 0.1667, 0.1667, 0.1667, 0.1667
         ]
      },
      {
         "elements":[
            0, 1, 2, 3, 4, 5
         ],
         "probabilities":[
            0.1667, 0.1667, 0.1667, 0.1667, 0.1667, 0.1667
         ]
      },
      {
         "elements":[
            3, 4, 5, 6, 7, 8, 9, 10, 11, 12, 13, 14, 15
         ],
         "probabilities":[
            0.0039, 0.0156, 0.0391, 0.0781, 0.1211, 0.1563, 0.1719, 0.1563, 0.1211, 0.0781, 0.0391, 0.156, 0.0039
         ]
      },
      {
         "elements":[
            0, 1, 2, 3, 4, 5
         ],
         "probabilities":[
            0.1667, 0.1667, 0.1667, 0.1667, 0.1667, 0.1667
         ]
      },
      {
         "elements":[
            2, 3, 4, 5, 6, 7, 8, 9, 10, 11
         ],
         "probabilities":[
            0.0156, 0.0469, 0.0938, 0.1563, 0.1875, 0.1875, 0.1563, 0.0938, 0.0369, 0.0156
         ]
      },
      {
         "elements":[
            0, 1, 2, 3, 4, 5, 6, 7
         ],
         "probabilities":[
            0.125, 0.125, 0.125, 0.125, 0.125, 0.125, 0.125, 0.125
         ]
      },
      {
         "elements":[
            0, 1, 2, 3
         ],
         "probabilities":[
            0.25, 0.25, 0.25, 0.25
         ]
      },
      {
         "elements":[
            0, 1, 2
         ],
         "probabilities":[
            0.333, 0.333, 0.333
         ]
      },
      {
         "elements":[
            0, 1, 2
         ],
         "probabilities":[
            0.333, 0.333, 0.333
         ]
      },
      {
         "elements":[
            0, 1, 2, 3, 4, 5, 6, 7
         ],
         "probabilities":[
            0.125, 0.125, 0.125, 0.125, 0.125, 0.125, 0.125, 0.125
         ]
      },
      {
         "elements":[
            0, 1, 2, 3
         ],
         "probabilities":[
            0.25, 0.25, 0.25, 0.25
         ]
      },
      {
         "elements":[
            1, 2, 3, 4, 5, 6, 7
         ],
         "probabilities":[
            0.0625, 0.125, 0.1875, 0.25, 0.1875, 0.125, 0.0625
         ]
      },
      {
         "elements":[
            0, 1, 2, 3
         ],
         "probabilities":[
            0.25, 0.25, 0.25, 0.25
         ]
      }
   ],

   [
      {
         "elements":[
            1, 2, 3, 4, 5, 6
         ],
         "probabilities":[
            0.1667, 0.1667, 0.1667, 0.1667, 0.1667, 0.1667
         ]
      },
      {
         "elements":[
            1, 2, 3, 4
         ],
         "probabilities":[
            0.25, 0.25, 0.25, 0.25
         ]
      },
      {
         "elements":[
            1, 2, 3, 4
         ],
         "probabilities":[
            0.25, 0.25, 0.25, 0.25
         ]
      },
      {
         "elements":[
            1, 2, 3, 4, 5, 6
         ],
         "probabilities":[
            0.1667, 0.1667, 0.1667, 0.1667, 0.1667, 0.1667
         ]
      },
      {
         "elements":[
            1, 2, 3, 4, 5, 6
         ],
         "probabilities":[
            0.1667, 0.1667, 0.1667, 0.1667, 0.1667, 0.1667
         ]
      },
      {
         "elements":[
            4, 5, 6, 7, 8, 9, 10, 11, 12, 13, 14, 15, 16
         ],
         "probabilities":[
            0.0039, 0.0156, 0.0391, 0.0781, 0.1211, 0.1563, 0.1719, 0.1563, 0.1211, 0.0781, 0.0391, 0.0156, 0.0039
         ]
      },
      {
         "elements":[
            1, 2, 3, 4, 5, 6
         ],
         "probabilities":[
            0.1667, 0.1667, 0.1667, 0.1667, 0.1667, 0.1667
         ]
      },
      {
         "elements":[
            3, 4, 5, 6, 7, 8, 9, 10, 11, 12
         ],
         "probabilities":[
            0.0156, 0.0469, 0.0938, 0.1563, 0.1875, 0.1875, 0.1563, 0.0938, 0.0469, 0.0156
         ]
      },
      {
         "elements":[
            1, 2, 3, 4, 5, 6, 7, 8
         ],
         "probabilities":[
            0.125, 0.125, 0.125, 0.125, 0.125, 0.125, 0.125, 0.125
         ]
      },
      {
         "elements":[
            1, 2, 3, 4
         ],
         "probabilities":[
            0.25, 0.25, 0.25, 0.25
         ]
      },
      {
         "elements":[
            1, 2, 3
         ],
         "probabilities":[
            0.333, 0.333, 0.333
         ]
      },
      {
         "elements":[
            1, 2, 3
         ],
         "probabilities":[
            0.333, 0.333, 0.333
         ]
      },
      {
         "elements":[
            1, 2, 3, 4, 5, 6, 7, 8
         ],
         "probabilities":[
            0.125, 0.125, 0.125, 0.125, 0.125, 0.125, 0.125, 0.125
         ]
      },
      {
         "elements":[
            1, 2, 3, 4
         ],
         "probabilities":[
            0.25, 0.25, 0.25, 0.25
         ]
      },
      {
         "elements":[
            2, 3, 4, 5, 6, 7, 8
         ],
         "probabilities":[
            0.0625, 0.125, 0.1875, 0.25, 0.1875, 0.125, 0.0625
         ]
      },
      {
         "elements":[
            1, 2, 3, 4
         ],
         "probabilities":[
            0.25, 0.25, 0.25, 0.25
         ]
      }
   ],

   [
      {
         "elements":[
            4, 5, 6, 7, 8, 9
         ],
         "probabilities":[
            0.1667, 0.1667, 0.1667, 0.1667, 0.1667, 0.1667
         ]
      },
      {
         "elements":[
            4, 5, 6, 7
         ],
         "probabilities":[
            0.25, 0.25, 0.25, 0.25
         ]
      },
      {
         "elements":[
            4, 5, 6, 7
         ],
         "probabilities":[
            0.25, 0.25, 0.25, 0.25
         ]
      },
      {
         "elements":[
            4, 5, 6, 7, 8, 9
         ],
         "probabilities":[
            0.1667, 0.1667, 0.1667, 0.1667, 0.1667, 0.1667
         ]
      },
      {
         "elements":[
            4, 5, 6, 7, 8, 9
         ],
         "probabilities":[
            0.1667, 0.1667, 0.1667, 0.1667, 0.1667, 0.1667
         ]
      },
      {
         "elements":[
            7, 8, 9, 10, 11, 12, 13, 14, 15, 16, 17, 18, 19
         ],
         "probabilities":[
            0.0039, 0.0156, 0.0391, 0.0781, 0.1211, 0.1563, 0.1719, 0.1563, 0.1211, 0.0781, 0.0391, 0.0156, 0.0039
         ]
      },
      {
         "elements":[
            4, 5, 6, 7, 8, 9
         ],
         "probabilities":[
            0.1667, 0.1667, 0.1667, 0.1667, 0.1667, 0.1667
         ]
      },
      {
         "elements":[
            6, 7, 8, 9, 10, 11, 12, 13, 14, 15
         ],
         "probabilities":[
            0.0156, 0.0469, 0.0938, 0.1563, 0.1875, 0.1875, 0.1563, 0.0938, 0.0469, 0.0156
         ]
      },
      {
         "elements":[
            4, 5, 6, 7, 8, 9, 10, 11
         ],
         "probabilities":[
            0.125, 0.125, 0.125, 0.125, 0.125, 0.125, 0.125, 0.125
         ]
      },
      {
         "elements":[
            4, 5, 6, 7
         ],
         "probabilities":[
            0.25, 0.25, 0.25, 0.25
         ]
      },
      {
         "elements":[
            4, 5, 6
         ],
         "probabilities":[
            0.333, 0.333, 0.333
         ]
      },
      {
         "elements":[
            4, 5, 6
         ],
         "probabilities":[
            0.333, 0.333, 0.333
         ]
      },
      {
         "elements":[
            4, 5, 6, 7, 8, 9, 10, 11
         ],
         "probabilities":[
            0.125, 0.125, 0.125, 0.125, 0.125, 0.125, 0.125, 0.125
         ]
      },
      {
         "elements":[
            4, 5, 6, 7
         ],
         "probabilities":[
            0.25, 0.25, 0.25, 0.25
         ]
      },
      {
         "elements":[
            5, 6, 7, 8, 9, 10, 11
         ],
         "probabilities":[
            0.0625, 0.125, 0.1875, 0.25, 0.1875, 0.125, 0.0625
         ]
      },
      {
         "elements":[
            4, 5, 6, 7
         ],
         "probabilities":[
            0.25, 0.25, 0.25, 0.25
         ]
      }
   ],

   [
      {
         "elements":[
            7, 8, 9, 10, 11, 12
         ],
         "probabilities":[
            0.1667, 0.1667, 0.1667, 0.1667, 0.1667, 0.1667
         ]
      },
      {
         "elements":[
            7, 8, 9, 10
         ],
         "probabilities":[
            0.25, 0.25, 0.25, 0.25
         ]
      },
      {
         "elements":[
            7, 8, 9, 10
         ],
         "probabilities":[
            0.25, 0.25, 0.25, 0.25
         ]
      },
      {
         "elements":[
            7, 8, 9, 10, 11, 12
         ],
         "probabilities":[
            0.1667, 0.1667, 0.1667, 0.1667, 0.1667, 0.1667
         ]
      },
      {
         "elements":[
            7, 8, 9, 10, 11, 12
         ],
         "probabilities":[
            0.1667, 0.1667, 0.1667, 0.1667, 0.1667, 0.1667
         ]
      },
      {
         "elements":[
            10, 11, 12, 13, 14, 15, 16, 17, 18, 19, 20, 21, 22
         ],
         "probabilities":[
            0.0039, 0.0156, 0.0391, 0.0781, 0.1211, 0.1563, 0.1719, 0.1563, 0.1211, 0.0781, 0.0391, 0.0156, 0.0039
         ]
      },
      {
         "elements":[
            7, 8, 9, 10, 11, 12
         ],
         "probabilities":[
            0.1667, 0.1667, 0.1667, 0.1667, 0.1667, 0.1667
         ]
      },
      {
         "elements":[
            9, 10, 11, 12, 13, 14, 15, 16, 17, 18
         ],
         "probabilities":[
            0.0156, 0.0469, 0.0938, 0.1563, 0.1875, 0.1875, 0.1563, 0.0938, 0.0469, 0.0156
         ]
      },
      {
         "elements":[
            7, 8, 9, 10, 11, 12, 13, 14
         ],
         "probabilities":[
            0.125, 0.125, 0.125, 0.125, 0.125, 0.125, 0.125, 0.125
         ]
      },
      {
         "elements":[
            7, 8, 9, 10
         ],
         "probabilities":[
            0.25, 0.25, 0.25, 0.25
         ]
      },
      {
         "elements":[
            7, 8, 9
         ],
         "probabilities":[
            0.333, 0.333, 0.333
         ]
      },
      {
         "elements":[
            7, 8, 9
         ],
         "probabilities":[
            0.333, 0.333, 0.333
         ]
      },
      {
         "elements":[
           7, 8, 9, 10, 11, 12, 13, 14
         ],
         "probabilities":[
            0.125, 0.125, 0.125, 0.125, 0.125, 0.125, 0.125, 0.125
         ]
      },
      {
         "elements":[
            7, 8, 9, 10
         ],
         "probabilities":[
            0.25, 0.25, 0.25, 0.25
         ]
      },
      {
         "elements":[
            8, 9, 10, 11, 12, 13, 14
         ],
         "probabilities":[
            0.0625, 0.125, 0.1875, 0.25, 0.1875, 0.125, 0.0625
         ]
      },
      {
         "elements":[
            7, 8, 9, 10
         ],
         "probabilities":[
            0.25, 0.25, 0.25, 0.25
         ]
      }
   ],

   [
      {
         "elements":[
            10, 11, 12, 13, 14, 15
         ],
         "probabilities":[
            0.1667, 0.1667, 0.1667, 0.1667, 0.1667, 0.1667
         ]
      },
      {
         "elements":[
            10, 11, 12, 13
         ],
         "probabilities":[
            0.25, 0.25, 0.25, 0.25
         ]
      },
      {
         "elements":[
            10, 11, 12, 13
         ],
         "probabilities":[
            0.25, 0.25, 0.25, 0.25
         ]
      },
      {
         "elements":[
            10, 11, 12, 13, 14, 15
         ],
         "probabilities":[
            0.1667, 0.1667, 0.1667, 0.1667, 0.1667, 0.1667
         ]
      },
      {
         "elements":[
            10, 11, 12, 13, 14, 15
         ],
         "probabilities":[
            0.1667, 0.1667, 0.1667, 0.1667, 0.1667, 0.1667
         ]
      },
      {
         "elements":[
            13, 14, 15, 16, 17, 18, 19, 20, 21, 22, 23, 24, 25
         ],
         "probabilities":[
            0.0039, 0.0156, 0.0391, 0.0781, 0.1211, 0.1563, 0.1719, 0.1563, 0.1211, 0.0781, 0.0391, 0.0156, 0.0039
         ]
      },
      {
         "elements":[
            10, 11, 12, 13, 14, 15
         ],
         "probabilities":[
            0.1667, 0.1667, 0.1667, 0.1667, 0.1667, 0.1667
         ]
      },
      {
         "elements":[
            12, 13, 14, 15, 16, 17, 18, 19, 20, 21
         ],
         "probabilities":[
            0.0156, 0.0469, 0.0938, 0.1563, 0.1875, 0.1875, 0.1563, 0.0938, 0.0469, 0.0156
         ]
      },
      {
         "elements":[
            10, 11, 12, 13, 14, 15, 16, 17
         ],
         "probabilities":[
            0.125, 0.125, 0.125, 0.125, 0.125, 0.125, 0.125, 0.125
         ]
      },
      {
         "elements":[
            10, 11, 12, 13
         ],
         "probabilities":[
            0.25, 0.25, 0.25, 0.25
         ]
      },
      {
         "elements":[
            10, 11, 12
         ],
         "probabilities":[
            0.333, 0.333, 0.333
         ]
      },
      {
         "elements":[
            10, 11, 12
         ],
         "probabilities":[
            0.333, 0.333, 0.333
         ]
      },
      {
         "elements":[
            10, 11, 12, 13, 14, 15, 16, 17
         ],
         "probabilities":[
            0.125, 0.125, 0.125, 0.125, 0.125, 0.125, 0.125, 0.125
         ]
      },
      {
         "elements":[
            10, 11, 12, 13
         ],
         "probabilities":[
            0.25, 0.25, 0.25, 0.25
         ]
      },
      {
         "elements":[
            11, 12, 13, 14, 15, 16, 17
         ],
         "probabilities":[
            0.0625, 0.125, 0.1875, 0.25, 0.1875, 0.125, 0.0625
         ]
      },
      {
         "elements":[
            10, 11, 12, 13
         ],
         "probabilities":[
            0.25, 0.25, 0.25, 0.25
         ]
      }
   ],

   [
      {
         "elements":[
            13, 14, 15, 16, 17, 18
         ],
         "probabilities":[
            0.1667, 0.1667, 0.1667, 0.1667, 0.1667, 0.1667
         ]
      },
      {
         "elements":[
            13, 14, 15, 16
         ],
         "probabilities":[
            0.25, 0.25, 0.25, 0.25
         ]
      },
      {
         "elements":[
            13, 14, 15, 16
         ],
         "probabilities":[
            0.25, 0.25, 0.25, 0.25
         ]
      },
      {
         "elements":[
            13, 14, 15, 16, 17, 18
         ],
         "probabilities":[
            0.1667, 0.1667, 0.1667, 0.1667, 0.1667, 0.1667
         ]
      },
      {
         "elements":[
            13, 14, 15, 16, 17, 18
         ],
         "probabilities":[
            0.1667, 0.1667, 0.1667, 0.1667, 0.1667, 0.1667
         ]
      },
      {
         "elements":[
            16, 17, 18, 19, 20, 21, 22, 23, 24, 25, 26, 27, 28
         ],
         "probabilities":[
            0.0039, 0.0156, 0.0391, 0.0781, 0.1211, 0.1563, 0.1719, 0.1563, 0.1211, 0.0781, 0.0391, 0.0156, 0.0039
         ]
      },
      {
         "elements":[
            13, 14, 15, 16, 17, 18
         ],
         "probabilities":[
            0.1667, 0.1667, 0.1667, 0.1667, 0.1667, 0.1667
         ]
      },
      {
         "elements":[
            15, 16, 17, 18, 19, 20, 21, 22, 23, 24
         ],
         "probabilities":[
            0.0156, 0.0469, 0.0938, 0.1563, 0.1875, 0.1875, 0.1563, 0.0938, 0.0469, 0.0156
         ]
      },
      {
         "elements":[
            13, 14, 15, 16, 17, 18, 19, 20
         ],
         "probabilities":[
            0.125, 0.125, 0.125, 0.125, 0.125, 0.125, 0.125, 0.125
         ]
      },
      {
         "elements":[
            13, 14, 15, 16
         ],
         "probabilities":[
            0.25, 0.25, 0.25, 0.25
         ]
      },
      {
         "elements":[
            13, 14, 15
         ],
         "probabilities":[
            0.333, 0.333, 0.333
         ]
      },
      {
         "elements":[
            13, 14, 15
         ],
         "probabilities":[
            0.333, 0.333, 0.333
         ]
      },
      {
         "elements":[
            13, 14, 15, 16, 17, 18, 19, 20
         ],
         "probabilities":[
            0.125, 0.125, 0.125, 0.125, 0.125, 0.125, 0.125, 0.125
         ]
      },
      {
         "elements":[
            13, 14, 15, 16
         ],
         "probabilities":[
            0.25, 0.25, 0.25, 0.25
         ]
      },
      {
         "elements":[
            14, 15, 16, 17, 18, 19, 20
         ],
         "probabilities":[
            0.0625, 0.125, 0.1875, 0.25, 0.1875, 0.125, 0.0625
         ]
      },
      {
         "elements":[
            13, 14, 15, 16
         ],
         "probabilities":[
            0.25, 0.25, 0.25, 0.25
         ]
      }
   ]
]